A股上涨个数： 1957, A股下跌个数： 2063, A股走平个数: 218。
A股总成交额：694461723, 总成交量：610351704
涨停数量：69 个, 涨停中上市日期小于15天的：8, 涨停中上市日期小于1年的：16
         ts_code  trade_date_x   open   high    low  close_x  pre_close  change   pct_chg         vol       amount  trade_date_y  close_y  turnover_rate  turnover_rate_f  volume_ratio        pe    pe_ttm       pb       ps   ps_ttm  dv_ratio  dv_ttm  total_share  float_share   free_share      total_mv       circ_mv    symbol  name area industry market   list_date
2378  300962.SZ     20210409.0  25.88  40.00  24.01    34.70       3.40   31.30  920.5882   477770.21  1275899.390    20210409.0    34.70        76.3246          76.3246          0.00  148.8646  148.8646  11.4414  35.7898  35.7898    0.0000  0.0000   26400.1897    6259.7111    6259.7111  9.160866e+05  2.172120e+05  300962.0  中金辐照   深圳      综合类    创业板  20210409.0
2381  300966.SZ     20210409.0  35.00  79.98  35.00    56.99       8.24   48.75  591.6262   204346.47   849139.966    20210409.0    56.99        74.2997          74.2997          0.00  123.5190  123.5190   9.0165  14.0342  14.0342    0.0000  0.0000   11527.7000    2750.3009    2750.3009  6.569636e+05  1.567396e+05  300966.0  共同药业   湖北     化学制药    创业板  20210409.0
2379  300963.SZ     20210409.0  37.50  60.06  37.22    50.11      12.13   37.98  313.1080   210656.28   895000.186    20210409.0    50.11        74.0351          74.0351          0.00   96.3974   96.3974   7.1856  10.0174  10.0174    0.0000  0.0000   12000.0000    2845.3578    2845.3578  6.013200e+05  1.425809e+05  300963.0  中洲特材   上海      小金属    创业板  20210409.0
4150  688468.SH     20210409.0  20.00  31.77  18.51    24.94       7.15   17.79  248.8112   265919.38   552372.163    20210409.0    24.94        80.2435          80.2435          0.00   85.4635   85.4635   8.8043  23.9142  23.9142    0.0000  0.0000   40100.0000    3313.9075    3313.9075  1.000094e+06  8.264885e+04  688468.0  科美诊断   北京     医疗保健    科创板  20210409.0
2178  300745.SZ     20210409.0  15.68  18.78  15.51    18.78      15.65    3.13   20.0000    38937.27    69665.704    20210409.0    18.78         6.0632           6.0632          5.90   79.5835    0.0000   2.5540   3.6080   6.0844    0.1330  0.1330   11459.2352    6421.8515    6421.8515  2.152044e+05  1.206024e+05  300745.0  欣锐科技   深圳     汽车配件    创业板  20180523.0
...          ...           ...    ...    ...    ...      ...        ...     ...       ...         ...          ...           ...      ...            ...              ...           ...       ...       ...      ...      ...      ...       ...     ...          ...          ...          ...           ...           ...       ...   ...  ...      ...    ...         ...
3186  601005.SH     20210409.0   2.10   2.10   2.10     2.10       1.91    0.19    9.9476  2833725.38   595082.330    20210409.0     2.10         3.3813           4.5098          1.58   29.3339   29.3339   0.9347   0.7648   0.7648    0.0000  0.0000  891860.2267  838047.5067  628349.3467  1.872906e+06  1.759900e+06  601005.0  重庆钢铁   重庆       普钢     主板  20070228.0
360   000883.SZ     20210409.0   5.56   6.08   5.56     6.08       5.53    0.55    9.9458  2961066.70  1756720.477    20210409.0     6.08         4.5524          16.4096          1.00   26.4026   16.0198   1.3619   2.5024   2.4169    1.6447  1.6447  650744.9486  650447.4811  180446.7633  3.956529e+06  3.954721e+06     883.0  湖北能源   湖北     火力发电     主板  19980519.0
2835  600569.SH     20210409.0   3.54   3.54   3.23     3.54       3.22    0.32    9.9379  3992209.91  1386564.583    20210409.0     3.54        16.6781          41.8421          5.36   39.6515    0.0000   1.0399   0.3408   0.3503    1.4124  1.4124  287242.1386  239368.4489   95411.2900  1.016837e+06  8.473643e+05  600569.0  安阳钢铁   河南       普钢     主板  20010820.0
794   002348.SZ     20210409.0   2.28   2.57   2.27     2.57       2.34    0.23    9.8291   904125.97   221057.111    20210409.0     2.57        10.7082          18.5025          0.90    0.0000    0.0000   2.6521   3.4169   4.8608    0.0000  0.0000   94720.0000   84433.0839   48865.0903  2.434304e+05  2.169930e+05    2348.0  高乐股份   广东     文教休闲    中小板  20100203.0
4223  688689.SH     20210409.0  25.13  27.88  25.13    27.88      25.40    2.48    9.7638    52497.87   140387.344    20210409.0    27.88        17.9767          17.9767          1.17   67.8962   51.5197   3.7994   6.7813   5.8774    0.0000  0.0000   12840.0000    2920.3262    2920.3262  3.579792e+05  8.141869e+04  688689.0  银河微电   江苏      元器件    科创板  20210127.0

[69 rows x 34 columns]
          编码       市盈率均值      市盈率中值      市净率均值     市净率中值
industry                                                
元器件        5   70.042280   67.89620   6.090100   7.82260
文教休闲       5   56.640660   36.14100   4.921420   5.54240
中成药        3   85.757733   78.88670   9.374000   9.30680
火力发电       3   29.436367   26.40260   2.086700   1.92800
化学制药       3   48.732700   22.67910   4.870533   3.37710
医疗保健       3  172.380067   85.46350   6.483833   7.15760
普钢         2   34.492700   34.49270   0.987300   0.98730
家用电器       2   37.847400   37.84740   4.560200   4.56020
环境保护       2   42.808000   42.80800   3.550950   3.55095
汽车配件       2   50.483000   50.48300   2.182100   2.18210
机械基件       2   40.804400   40.80440   4.142050   4.14205
IT设备       2  102.819050  102.81905   1.898850   1.89885
影视音像       2  212.431750  212.43175   4.366150   4.36615
建筑工程       2  360.900600  360.90060  20.642350  20.64235
食品         2   77.730950   77.73095   2.227200   2.22720
专用机械       2   73.011950   73.01195   3.424400   3.42440
互联网        2   52.698450   52.69845   2.034650   2.03465
塑料         1   55.292900   55.29290   5.727100   5.72710
其他商业       1   38.994100   38.99410   5.603000   5.60300
软饮料        1   72.575100   72.57510   5.422000   5.42200
软件服务       1   85.048400   85.04840   3.343200   3.34320
超市连锁       1   50.176900   50.17690   5.186800   5.18680
综合类        1  148.864600  148.86460  11.441400  11.44140
纺织机械       1   95.847600   95.84760   5.373400   5.37340
纺织         1   27.356500   27.35650   3.352700   3.35270
特种钢        1   15.834400   15.83440   1.041400   1.04140
焦炭加工       1   38.327300   38.32730   3.769900   3.76990
渔业         1    0.000000    0.00000   2.136400   2.13640
汽车服务       1   58.908200   58.90820   4.440300   4.44030
小金属        1   96.397400   96.39740   7.185600   7.18560
水运         1   36.654500   36.65450   1.678600   1.67860
水泥         1   70.924000   70.92400   6.897900   6.89790
水务         1   67.899300   67.89930   5.732900   5.73290
水力发电       1    0.000000    0.00000   2.065700   2.06570
农药化肥       1   43.818100   43.81810   2.958700   2.95870
服饰         1   74.521900   74.52190   3.546900   3.54690
出版业        1   54.421000   54.42100   1.146700   1.14670
化工原料       1   40.335700   40.33570   2.796300   2.79630
房产服务       1   95.906300   95.90630   2.061100   2.06110
化纤         1    0.000000    0.00000   3.995200   3.99520
商贸代理       1   29.533300   29.53330   2.438900   2.43890
0          1    0.000000    0.00000   0.000000   0.00000
          编码      市盈率均值      市盈率中值    市净率均值    市净率中值
industry                                            
医疗保健       2   19.19610   19.19610   3.9282   3.9282
电气设备       2   51.17205   51.17205   4.8353   4.8353
仓储物流       1   45.22810   45.22810   5.8704   5.8704
元器件        1   50.53520   50.53520   5.7446   5.7446
化学制药       1   80.32520   80.32520   6.3871   6.3871
多元金融       1  273.79130  273.79130   8.4761   8.4761
建筑工程       1   52.59790   52.59790   4.1698   4.1698
机械基件       1   34.86970   34.86970   3.4837   3.4837
环境保护       1   74.80680   74.80680   6.8113   6.8113
电器仪表       1  147.14380  147.14380  13.1955  13.1955
铝          1   42.43360   42.43360   4.6239   4.6239
           编码       市盈率均值      市盈率中值      市净率均值    市净率中值
industry                                                
软件服务      234   75.685201   44.33020   4.589697  3.36980
元器件       223   80.077931   47.52300   4.566625  3.65220
电气设备      203   87.154203   36.79900   3.639314  2.70210
化工原料      195   63.456501   35.62170   3.501795  2.78470
专用机械      168   66.099511   39.78905   4.863661  3.21310
...       ...         ...        ...        ...      ...
机场          4  168.141900   20.69575   2.091200  1.54590
林业          4  362.916275  398.63375  22.548100  3.58645
0           4    0.000000    0.00000   0.105025  0.00000
商品城         3   17.884167   17.95500   1.160600  0.83420
电器连锁        2   10.923650   10.92365   1.395800  1.39580

[111 rows x 5 columns]
